77 393
0 3
0 4
0 5
0 6
0 8
0 9
0 10
0 12
0 13
0 41
0 50
1 2
1 3
1 8
1 11
1 12
1 13
1 14
2 3
2 6
2 8
2 10
2 11
2 13
3 4
3 5
3 6
3 8
3 9
3 11
3 12
3 13
3 39
4 6
4 7
4 8
4 9
4 11
4 12
4 14
4 58
5 7
5 9
5 10
5 11
5 12
5 13
5 14
6 7
6 8
6 9
6 10
6 11
6 12
6 13
6 35
7 13
7 14
7 58
8 10
8 14
8 19
9 11
9 12
9 13
10 13
10 14
10 22
11 12
11 13
12 13
13 14
13 27
14 29
14 62
15 16
15 19
15 20
15 21
15 22
15 24
15 25
15 27
15 29
15 30
16 18
16 21
16 22
16 23
16 25
16 26
16 27
16 28
16 29
16 30
17 18
17 19
17 20
17 21
17 22
17 23
17 24
17 26
17 27
17 28
18 19
18 20
18 24
18 26
18 27
18 28
18 41
19 20
19 21
19 22
19 23
19 25
19 26
19 27
19 29
19 30
20 21
20 22
20 24
20 25
20 26
20 27
20 28
21 22
21 23
21 24
21 25
21 28
21 30
22 23
22 25
22 26
22 27
22 28
22 30
22 67
23 29
23 30
23 66
24 25
24 26
24 28
24 29
24 30
24 46
24 67
25 26
25 27
25 28
25 29
25 30
25 44
26 27
26 28
26 29
26 30
27 28
27 29
31 34
31 35
31 38
31 39
31 40
31 41
31 42
31 43
31 44
32 33
32 37
32 38
32 39
32 40
32 41
32 42
32 43
32 44
33 35
33 36
33 37
33 38
33 39
33 40
33 41
33 43
33 44
34 41
34 44
34 76
35 38
35 39
35 40
35 42
35 44
36 39
36 40
36 43
36 44
37 38
37 39
37 40
37 42
37 44
38 41
38 42
38 43
38 44
38 59
38 74
39 40
39 41
39 42
39 44
40 41
41 42
41 44
42 43
42 44
43 44
45 46
45 47
45 48
45 49
45 50
45 51
45 52
45 54
45 55
45 57
45 59
45 60
46 47
46 48
46 50
46 52
46 53
46 55
46 56
46 57
46 59
47 51
47 53
47 56
47 57
47 58
47 60
48 49
48 50
48 51
48 52
48 53
48 54
48 55
48 57
48 74
49 50
49 51
49 55
49 57
49 59
49 60
50 51
50 54
50 56
50 57
50 58
51 52
51 53
51 54
51 56
51 59
52 53
52 54
52 55
52 56
52 57
52 58
52 59
52 60
53 54
53 56
53 59
53 60
53 62
54 55
54 56
54 57
54 58
54 59
54 65
55 56
55 57
55 59
55 60
56 58
56 59
56 60
57 58
57 59
57 60
58 59
58 60
59 60
61 62
61 63
61 64
61 65
61 66
61 67
61 71
61 72
61 73
61 74
61 75
61 76
62 67
62 68
62 69
62 73
62 74
62 75
62 76
63 64
63 65
63 66
63 69
63 70
63 72
63 75
63 76
64 65
64 66
64 67
64 68
64 70
64 71
64 72
64 73
64 74
64 75
64 76
65 67
65 68
65 69
65 70
65 71
65 72
65 74
65 75
66 67
66 68
66 69
66 71
66 72
66 73
66 74
66 75
66 76
67 68
67 73
67 74
68 69
68 71
68 73
68 74
68 75
68 76
69 70
69 72
69 73
69 74
69 75
70 71
70 72
70 73
70 75
70 76
71 72
71 73
71 74
71 75
71 76
72 73
72 74
72 75
73 74
73 75
74 75
75 76
